.5212507944205375
1.4320240836068114
.8303127052567716
1.0299904805293785
1.7858250870556422
1.3780528322830092
.015324105495640524
.004818375673326326
3.2556337107604936
.018924442204865482
.1291778613782513
.818915580744794
.9408426680845484
.703115769440149
2.730346978754179
1.025405547161091
1.6932327703504353
.016779632129915362
.001884518809543346
.27339852471039283
1.0189244422048656
.8318115569648333
.8329674586111543
1.6988139613261763
.007774737487897014
2.6914874742731194
.557971832713004
.7765186554919924
.017057132103507597
2.0733389121399486
1.876362993327337
.018924442206429703
.007737482853223595
.4320344269080427
1.6477937074819722
1.0078827845226657
2.711162422115398
1.018391215906883
1.6943892728577699
.016826070466200337
.18697538721399815
3.2567947085193847
.018924442204865482
.17844620654998525
.3907643135464129
2.355510741512224
.007882784522665633
2.0712847738110414
1.4209774609074568
1.761597039936555
.016779325110285008
.002466232260497071
3.4107390123761854
.01892444220486553
.16512156526248747
.4480876731339855
.9208023670895774
1.0078827845226657
2.5679556349727855
1.0254052978464747
1.6880673989247725
.01677897591574562
.0029218082698566805
.8049417335722722
.018924436263301654
.71765820608151
.06709264491563319
.33504767015061837
.007882784522662735
1.7688284299848582
.02422186396286498
1.2718816188740225
.021352120241590767
.8948207757215257
.27392321941693776
.018924442204865482
.007737482854247846
.0029203054798382752
.9321300666593789
1.0078827845226657
3.0046901444885843
1.0187533863651566
1.6943197152837006
.01678514001706884
.002105991634838182
3.689542567489898
1.0189244422048656
.8020263726590245
