[0.5212507944205375
 1.4320240836068114
 0.8303127052567716
 1.0299904805293785
 1.7858250870556422
 1.3780528322830092
 0.015324105495640524
 0.004818375673326326
 3.2556337107604936
 0.018924442204865482
 0.1291778613782513]
[0.818915580744794
 0.9408426680845484
 0.703115769440149
 2.730346978754179
 1.025405547161091
 1.6932327703504353
 0.016779632129915362
 0.001884518809543346
 0.27339852471039283
 1.0189244422048656
 0.8318115569648333]
[0.8329674586111543
 1.6988139613261763
 0.007774737487897014
 2.6914874742731194
 0.557971832713004
 0.7765186554919924
 0.017057132103507597
 2.0733389121399486
 1.876362993327337
 0.018924442206429703
 0.007737482853223595]
[0.4320344269080427
 1.6477937074819722
 1.0078827845226657
 2.711162422115398
 1.018391215906883
 1.6943892728577699
 0.016826070466200337
 0.18697538721399815
 3.2567947085193847
 0.018924442204865482
 0.17844620654998525]
[0.3907643135464129
 2.355510741512224
 0.007882784522665633
 2.0712847738110414
 1.4209774609074568
 1.761597039936555
 0.016779325110285008
 0.002466232260497071
 3.4107390123761854
 0.01892444220486553
 0.16512156526248747]
[0.4480876731339855
 0.9208023670895774
 1.0078827845226657
 2.5679556349727855
 1.0254052978464747
 1.6880673989247725
 0.01677897591574562
 0.0029218082698566805
 0.8049417335722722
 0.018924436263301654
 0.71765820608151]
[0.06709264491563319
 0.33504767015061837
 0.007882784522662735
 1.7688284299848582
 0.02422186396286498
 1.2718816188740225
 0.021352120241590767
 0.8948207757215257
 0.27392321941693776
 0.018924442204865482
 0.007737482854247846]
[0.0029203054798382752
 0.9321300666593789
 1.0078827845226657
 3.0046901444885843
 1.0187533863651566
 1.6943197152837006
 0.01678514001706884
 0.002105991634838182
 3.689542567489898
 1.0189244422048656
 0.8020263726590245]
[0.6766895135138207
 1.7354882831704421
 0.007882784115709232
 2.3940139576753783
 0.5990977881081108
 2.740658754666712
 0.01677925096108012
 0.0037207182606714085
 3.395247964824958
 0.018924442204865482
 0.007736284489240047]
[0.24716659660850235
 1.6850076534084342
 1.0078827845226657
 2.2868873862789934
 1.024947970770661
 1.6942287643128353
 0.01677897394333157
 0.0029218407606789658
 0.8374818223497633
 0.018924442204865482
 0.0077374658901619795]
[0.5755497959182748
 1.5910227974974414
 0.0012729483579316553
 2.4709420496515677
 0.9588518332764611
 1.577301804097999
 0.016783216362914875
 0.8886715740987365
 2.527611184317764
 0.018924442204865482
 0.17522410211730055]
[0.5252934181958071
 1.2758880725158466
 0.007882784522665734
 2.039589742433311
 0.8088209283192778
 1.7960307119484709
 0.016779035431524317
 0.002921835188586739
 2.1386365859373955
 0.018924442204865482
 0.004886819610398409]
[0.698198360691748
 1.530282025480198
 0.007882784522665734
 2.2892751173093133
 0.8820120793736123
 1.6229202843099657
 0.016778976340273137
 0.6422247215128591
 1.242567492060657
 0.018924442204865482
 0.14944280737819476]
[0.8221113148014938
 0.9324145493943956
 0.007882784522665734
 2.8354765219709948
 0.9254722281876642
 1.6885990350841626
 0.016778976859571186
 0.0014381776614647741
 0.1058332233555048
 0.018924442204865482
 0.27213267942391073]
[0.5825554559058426
 1.0434468202156264
 0.007882784522661158
 3.011874786164332
 0.9743418028063564
 1.6436898029852491
 0.016780090107620892
 0.001475923413741598
 1.127594257529929
 0.018924442204865482
 0.13423889644917442]
[0.022552386453088543
 0.524356725995342
 0.825949199927348
 2.039569000662155
 0.9774474285723713
 1.3258933837821774
 0.016770767434670632
 0.0029218407596786136
 1.800815934066974
 0.018924442204865482
 0.8318182118879338]
[0.04311021816930466
 0.9324138254940868
 1.0078827845226657
 2.6724929982917747
 1.0227117620696067
 1.6942958273277007
 0.016779686744526907
 0.8929511747770668
 1.1542531902398618
 0.018924442204865482
 0.007666000403935561]
[0.14326514748895747
 0.9701081128749688
 0.217131994267949
 2.224757489028719
 1.0221261395193968
 1.701883087569852
 0.016778622763723345
 0.002921840759678598
 0.0539362639779764
 0.018924442204866315
 0.8318000527440432]
[0.5783965927078838
 0.9559678934630257
 0.007882784522664712
 1.1403156734757605
 0.13040149781982083
 2.1037162255105106
 0.016782122348118066
 0.00022342148032889825
 1.3350671313442277
 1.0189244422048656
 0.8317984838768537]
[0.3482354613766095
 1.920369012719844
 0.007542721549134902
 2.478204331777318
 1.313900731092264
 2.321017699379479
 0.016779006603011907
 0.002495930845726862
 3.1658824098743046
 0.018924442204865482
 0.006173864617183934]
[0.29419324494534127
 3.126154324601527
 0.8302795775013878
 2.6057842792934127
 0.7961015992722448
 2.682455971592547
 0.00016253691064847136
 0.769759279452523
 1.973577835303562
 0.018924442204865482
 0.8318115569997793]
[0.8444778966339113
 1.713496951196479
 0.007882784435397338
 2.4562140986074152
 0.7961012614949183
 2.7076753092419383
 0.016874775976459835
 1.2682995043347368e-5
 2.7976126655785882
 0.018924442206470497
 0.007737482268309263]
[0.2203564988240187
 0.6378210701520612
 0.007882784522664985
 2.1298947663552976
 1.5376260655450742
 1.314678011957017
 0.01677910824513708
 0.0028671057958724057
 0.5971728175645874
 0.018924442204865482
 0.007737482853299143]
[0.8140940565459749
 0.9177223730135199
 0.007882784522665734
 2.8021409973480953
 0.7490997845229221
 1.6284536629437978
 0.016779014884107827
 0.002921840766411239
 0.12286412721604074
 0.018924442204865482
 0.007737482853679483]
[0.03410402751756016
 0.8335998653265722
 0.006669317450003938
 2.745213737012937
 1.0095640663667231
 1.6021674480311052
 0.016778973997504068
 0.0024685704478170523
 0.4335527150240682
 0.018924442204865482
 0.19278425884117031]
[0.8531738585447645
 0.9209514219243512
 1.0078827845226657
 2.6215528134437363
 0.8996691467520127
 1.68814996474443
 0.016779009495425126
 0.6252413317926145
 3.6764659669310236
 0.018924442204865482
 0.4377718919308008]
[0.03768759598945795
 1.0193986438868552
 0.8303153846177919
 1.7065640068240744
 0.17306093396967107
 1.389374721562307
 0.01677973402284293
 0.8948137326515725
 2.278938279733193
 0.018924442204865482
 0.00773616949960331]
[0.0032415879239362185
 0.031980454304428856
 0.007882784516590908
 1.03318030800496
 0.06805039351145502
 0.9775147161227256
 0.016787505624968137
 0.002776047273167654
 0.14422891695783646
 0.018924442204865482
 0.007696826284522747]
[0.7781790082015352
 0.809937329482652
 0.006553680996061673
 2.1672928027195737
 0.3450768968337041
 1.5777244273019306
 0.016778974448106193
 0.017905274060110467
 2.4866125707363222
 0.018924442204865482
 0.7800144431890331]
[0.30527006032372517
 0.8663842229898778
 0.007882784522489842
 2.5658094983898465
 1.1300002502429256
 0.7778863217224434
 0.01677909355634942
 0.8912329638519446
 1.7404990527772477
 0.018924442204865482
 0.5523561076272546]
[0.3045824535566687
 0.7762092969292942
 0.007882784522665734
 1.5263990204945816
 0.4005288465949488
 1.0321077351195482
 0.016784884718592973
 0.002849216448705658
 1.6678655161327474
 1.0189244422048656
 0.8144068828924402]
[0.24932422188517217
 1.2540792440069197
 0.007882771799229337
 2.7112511543595974
 0.38009303703429886
 2.3569436179367296
 0.016802712245803052
 0.010369655095098714
 1.561286609874002
 0.018924442204865482
 0.001038409480966918]
[0.3520284190493755
 1.8180539188560232
 0.8164369343743829
 2.3114642484929484
 1.0253907415640242
 2.0767080573775027
 0.016778973961669223
 0.00011589086567727775
 1.8724781354966966
 0.018924442204865787
 0.006195858875065129]
[0.9849181944411811
 1.7235095580228639
 0.007882784522665734
 2.591146260015275
 0.08429227769689933
 2.1283804765205345
 0.016779077125380754
 4.498089672147308e-6
 3.5839790195966197
 0.018924442204865482
 0.0009481183966002653]
[0.750433940121569
 1.5579366956344383
 0.8302758359391852
 2.9010884459637993
 4.351692831388
 1.8371720635014537
 0.01425870424114706
 0.365525772658559
 1.6542481343195192
 0.018924442204865482
 0.040309515695482606]
[0.8279272659934365
 0.9397830035065371
 1.0078827845226657
 2.5823984207854114
 1.0254054771918595
 1.6922428691100198
 0.016779082824426757
 0.8944991087813652
 4.113945934069108
 0.018924442204867213
 0.8244178764552786]
[0.7517080344971185
 0.5925237854844341
 0.007882782360066062
 1.2974499502579617
 0.040350552661826675
 1.0959598711460146
 0.01677943410981949
 0.01440218675915283
 3.7547633703854233
 0.018924442204865482
 0.2071944727853216]
[0.005935120170378424
 1.1233036684816033
 0.8231123916225292
 1.845238556321022
 0.9657189808385621
 2.191717580630728
 0.016179101147295427
 0.002771401290893481
 0.8867318479005059
 0.01892444412696191
 0.0006915152220610218]
[0.43861999750052527
 0.4972253844798131
 0.007882784522665734
 2.188922528703401
 0.9853745020723788
 1.6690096628057507
 0.016778974731764
 0.4793449491476514
 1.6973474449593318
 0.01892444302019119
 0.13381025662916343]
[0.3343012860909184
 1.4138437141352527
 0.007882784522665734
 1.5497376512284609
 0.7742333252649578
 2.0677563982002676
 0.016779025492857685
 0.002921815387058454
 1.7562769283614876
 0.01892529308996806
 0.007715539226592895]
[0.8274426323497514
 1.1256752010717108
 0.8303575732429052
 2.6111457083557195
 1.022770338190565
 1.4221030488452229
 0.016836986179702883
 0.002919228576795806
 0.7622059178214631
 0.018924442204865482
 0.003085010186011603]
[0.9077469778468551
 0.9316340037479779
 0.830312699974965
 2.4329183829269136
 0.9711076949026488
 1.0555558449124713
 0.016778974841765604
 1.0029218407596785
 1.8199615950568697
 0.018924442204865482
 0.0010296895429936501]
[0.23927372335348826
 0.9123712973284726
 0.007882780527696637
 1.5540122783621346
 1.0054564938794042
 0.2583113535059419
 0.01677899560679437
 0.0017922503746529259
 1.1757049913339956
 1.0189244422048656
 0.8318081836450777]
[0.19180910195935177
 0.9534010865349236
 1.0078827845226657
 2.3966802040836344
 1.025394419025868
 1.687814561959866
 0.016778975339457068
 0.0029218407596927863
 0.42879933224728395
 0.018924442204865482
 0.007737482814995773]
[0.19468109219101157
 1.6720844660909582
 0.830312692915266
 2.74467118769297
 0.9454298634997089
 1.6774963059710846
 0.016822459077854894
 0.002921842375434485
 1.686459968062601
 0.018924442204865482
 0.007737417513210487]
[0.10556859184122115
 0.8145784331729429
 0.007882784522665632
 2.150167874335364
 0.24987951325235822
 0.8629292114868142
 0.016803248114639475
 1.5103030034413712e-5
 0.7546053828687387
 0.018924442204865482
 0.5478464426001941]
[0.8535441605995767
 1.928550015931866
 1.0078827845226657
 3.041187316078034
 1.0253959145725215
 2.1041132568389243
 0.0167908355618809
 0.014984058710863573
 0.2290467210394463
 0.02080751683074131
 0.953380622320172]
[0.8431505666033615
 1.2967904266362558
 1.0078827845226657
 2.728712801266537
 1.0221554776608
 1.6924083296854493
 0.016779785128655033
 0.002589725269702129
 0.6869148438648979
 0.01892444220688797
 0.0077374828532235955]
[0.01612376437272156
 1.1654736138466038
 0.8302954103557515
 2.364474630041232
 0.24777963329342556
 0.8642973024683367
 0.016778976736792912
 3.429174030118184e-6
 1.6542964648696534
 0.018925602532824794
 0.7219214431533081]
[0.7947941188545219
 1.0896523431940728
 0.0076865199170014315
 2.273989186528237
 0.30845590627453207
 1.2652100793533634
 0.016872121887378064
 0.0004577621342446223
 1.3861957268046483
 0.018924442204865482
 0.007737442873673088]
[0.0972842946378006
 1.5126383589746986
 1.0078827845226657
 2.6173944269888434
 1.0253233168754419
 1.6927766603098948
 0.01677911193427837
 0.0002942048649941564
 2.376620857529148
 0.018924442204865482
 0.1998442589539963]
[0.8572036774769484
 0.9254299950701916
 1.0078827845226657
 3.1635945178729035
 1.025357248083849
 1.6921116485444965
 0.01678008415563112
 0.002921840759678777
 0.5410724951080254
 1.0189244422048656
 0.3421240767388544]
[0.7931764396556583
 0.0716751438100925
 0.007882784522665734
 1.7144783013574247
 0.28350835340841096
 2.481135841897516
 0.0167864307670079
 0.0025894309516142425
 1.8292686726668863
 0.28595623627734174
 0.8256428999248792]
[0.00995322277073846
 0.9736360243539446
 0.007745198368677708
 2.658490974361913
 1.8365699734854934
 2.312492768446006
 0.016954608660080167
 0.002847857952951941
 0.47031201840637055
 1.0189244422048656
 0.8234221878755925]
[0.3659321469948993
 1.3121275837311788
 0.007882784130609805
 1.9253432954102445
 0.238879660440627
 0.5551378491314218
 0.01677899619583829
 0.8927317212757042
 2.3794245332653587
 0.018924442204865482
 0.1991820312529172]
[0.6065324756563294
 0.9357085335890135
 1.0078827845226657
 2.242229924692783
 1.0254043470928773
 1.7024997869646028
 0.01678002813428962
 0.00011408433329043834
 0.6705317981094217
 0.018924442204865482
 0.12187916502453629]
[0.8446504491267306
 0.9818171173793894
 0.8303127786002042
 2.7119922891298316
 1.0239176788682436
 1.3463185094328767
 0.016778973940239618
 1.0029218407596785
 1.8761919177180397
 1.0189244422048656
 1.0077374828532235]
[0.24761116294398128
 0.1123444881372502
 0.007882784522665463
 1.590436760015531
 0.8414342124923964
 0.36918473299115595
 0.016780166126851803
 0.002860340784236688
 0.3114626941408534
 1.0189244422048656
 0.8318005050886812]
[0.5332063206588441
 1.8969051964263202
 0.007882784522665734
 2.6264477977720966
 0.39919482462870665
 2.0576756562759475
 0.016779022326720332
 0.0037272321195218946
 4.240630682713034
 0.018924442204865482
 0.824403040736834]
[0.17965585796391334
 1.477983494876474
 1.0078827845226657
 2.730165650555942
 1.025285646745546
 1.691700722233965
 0.016810593239366033
 0.00038862009933008246
 0.387894189032214
 0.018924442204865482
 0.00038303310492622484]
[0.6938044200930774
 0.8388899071736302
 0.007882784522665734
 1.3271201646944926
 1.8845300807421284
 0.7523035044070209
 0.016780391762133143
 0.002859530031991078
 0.7797890165445311
 0.018924442204865482
 1.0077374828532235]
[0.7743843607308716
 1.5778817292687282
 0.007882784522665734
 1.717715807778973
 0.10597212804618018
 1.993183398063173
 0.016788372470772937
 0.011025355676403573
 2.5651237298654865
 0.018924442204865482
 0.007737482611774664]
[0.6771486939325628
 0.9988125207666536
 0.4069702862335577
 1.4247972592824345
 0.8944310427168081
 1.6006891041225988
 0.016778983716866827
 0.8932241856513417
 2.090929678945721
 0.018924442204867564
 0.18104821194744675]
[0.1492126707818306
 1.2579774862834578
 1.0078827845226657
 2.4646038078663497
 1.025402838060212
 1.6890789098801289
 0.016794028030810072
 0.002921826731886849
 0.1500618328744552
 1.0189244422048656
 1.0077374828532235]
[0.42204627233046305
 0.03491890835302426
 0.007882784522665734
 1.7576556686836078
 0.7576765836448012
 0.4083525571769643
 0.016779009549040914
 0.05657036160502306
 1.8436432732392434
 1.0189244422048656
 1.8882327503972471]
[0.2820508142037384
 0.9740627057392541
 1.0078827845226657
 2.5325511749706395
 1.025405488781093
 1.712067510370206
 0.016779224985375922
 0.002921840759678598
 0.8798601309569041
 0.018924442204865482
 0.007737482853220829]
[0.7734285754804867
 0.7570188660369133
 0.7969046693346317
 2.0651881064071897
 0.9331121302203764
 1.5444530600002953
 0.016783064536077787
 0.005266366784305617
 0.7098005316697321
 0.018926308820981192
 0.22468536691009258]
[0.6492584371767444
 1.9920995822154186
 0.7664341265982927
 2.191030004981743
 0.17858578802822406
 3.7165521174346354
 0.016784706952095746
 0.0006451941724823697
 3.571581557158212
 0.018924442204865482
 0.21857016079113864]
[0.4677197031173666
 0.40868524381162274
 0.007882784522668143
 1.3922319373096252
 0.9503906352760901
 1.0776610354957246
 0.016778975131509666
 0.0023414727966719977
 1.0393218550834966
 0.018924454470232843
 0.08547242811561098]
[0.012945077782928591
 1.3904992830825005
 0.007882784522665732
 1.9957223518819251
 1.026468919138809
 1.1625124480968556
 0.016778973956775377
 0.002921841341573218
 1.5925459457796443
 0.018924504088605496
 0.007737482853223603]
[0.8128550797072404
 0.9324616051047083
 1.0078827845226657
 2.87819056041182
 1.0203986766629751
 1.686196005548521
 0.016827395847957304
 0.002563985304748724
 0.87935584896226
 0.018924442204865482
 0.16216317918583797]
[0.5624006248594833
 1.2511519756862155
 0.007882784522665734
 1.46235150142993
 1.3146374135695194
 1.2358006404482171
 0.016779079280858516
 0.8946859272285178
 3.870047617840589
 0.018924505552767167
 0.007737482853227222]
[0.05073053917739225
 1.2648801537747258
 0.41352221775684944
 2.3731257537211192
 0.693021836479762
 0.6020283169560918
 0.01685642904276082
 0.0029101130800725087
 1.311122060753623
 0.018924442204865482
 0.0039980349021448295]
[0.37737539952386423
 1.2662195985865978
 0.007882784522722947
 1.9287651404686166
 0.7120498397775344
 0.9476962099359627
 0.016519657926867506
 0.0029217979788258635
 0.4601794077545939
 0.018924442204865482
 0.007737464810740673]
[0.3081941836801632
 3.5071190479445673
 0.2304160039202773
 3.0836952368255535
 0.9979590062091952
 1.9573411934107445
 0.7577116175863818
 1.002921840795012
 2.402869728717202
 1.0189244422048656
 2.7628966674104776]
[0.010976023447037114
 1.7852151184024923
 0.00788277364663525
 2.177480972855537
 0.41887659353196527
 1.8476694888299
 0.01678168941001194
 1.2090669468110344
 1.0839846495513896
 0.12348907074743211
 0.8317803201535128]
[0.06730863444058627
 0.9247115576891003
 0.007882784522665734
 3.2546147673521713
 0.980908213793864
 2.476451041624912
 0.008307320872996425
 0.0016654676492900528
 1.8765779834057457
 0.018924442204865482
 0.10064662385638631]
[0.8529492501311504
 0.9325605807392501
 0.19338166157417896
 2.8475228268285244
 1.0198824762066308
 1.6375061666747588
 0.016779047897743128
 0.0020952865610859494
 0.8689917844614867
 0.018924442204865482
 0.004387921837011868]
[0.8498667197531465
 0.9324455557105756
 0.007877132431899294
 2.823401457868343
 1.0160484566841932
 1.6663829331002202
 0.016779276162984802
 0.0028744741023938305
 1.8162102213364473
 1.0189244422048656
 0.8318115569278368]
[0.8276976030956507
 0.8590398713481217
 0.00788278452266569
 2.7048120482329066
 0.010838723143618252
 0.6341572410929581
 0.016779456417736788
 0.0029218035384511384
 0.7871602691911572
 0.018924442204865482
 0.21083653165041355]
[0.7969561454898564
 0.9219874970363936
 1.0078827845226657
 2.7872648541457905
 1.0254025026212714
 1.6926039233474366
 0.016779002830504732
 0.002773635756774807
 1.770699085115533
 1.0189244422048656
 0.8028400473022242]
[0.5444137218254511
 0.9384487785147901
 1.0078827845226657
 2.5616148710847195
 1.0253531690329325
 1.6950085239003558
 0.016784155611366886
 2.001320250259906
 1.819381281581722
 0.01892444220553202
 0.007737482807549316]
[0.6568750969236282
 0.9323756711336988
 0.007882784522665734
 2.672945784444528
 0.7489166371385935
 1.2558441656126351
 0.016814980027621513
 0.0030594300752466207
 1.411071870542673
 0.01892444281753549
 0.007066777365872549]
[0.007682473151481633
 0.9302081387542911
 1.0078827845226657
 2.7945584987703356
 1.025369151038353
 1.6892872510645578
 0.016778979294290265
 0.00011940874257496034
 0.9062836359496819
 1.0189244422048656
 1.0077374828532235]
[0.7985903621981789
 0.5151855835736509
 0.007882784522646387
 1.7134400294054855
 0.8717919840874143
 1.3192024448058328
 0.016779097709544263
 0.002574925093774077
 1.5910261165479174
 1.0189244422048656
 0.6765465648194611]
[0.6795545243170686
 0.7199783920163781
 0.007882781142132795
 2.3951469799309475
 0.28581000902824943
 1.3527994248639432
 0.01677918810835982
 6.049082466914425e-6
 0.03797152053163308
 0.018924442692285555
 0.6257833240354161]
[0.18782606109179262
 1.6955117990818962
 1.0078827845226657
 3.390703245444642
 1.0240086452216353
 2.244787059790349
 0.016798095362507776
 2.2282044783786388e-5
 2.7426774409149353
 0.018924442205597324
 0.27768789436672087]
[0.7106500609749739
 0.13350305106871463
 0.007882784518509446
 1.5900012773382701
 0.8043806080593067
 1.15490309388792
 0.01677913297253078
 0.8947716222358777
 3.9766177528529862
 0.018924442204878825
 0.7805282346020592]
[0.9201294585139173
 0.0522172128038908
 0.007882784522665734
 1.5012157092797587
 0.2400866594570799
 0.14823652779461072
 0.016778973980877403
 0.002921840764188054
 0.42336979029182775
 0.018924442204865482
 0.7590820435663279]
[0.2306141145520727
 2.2647632987852857
 0.8251197254337878
 2.699165301355962
 0.3367494458132461
 3.0762713611067323
 0.0167789761138499
 0.8941996052083001
 4.146340268634787
 1.0189244422048656
 0.8318115581756477]
[0.32620591886334105
 1.6009091812863958
 0.0077143752734308655
 1.8529986354390515
 1.0072072365538471
 2.251095834344088
 0.0167789853971799
 0.0029204518674742106
 2.372710659155814
 0.018924442204865482
 0.005838240175483994]
[0.8535441595234398
 1.825552248172506
 1.0078827845226657
 2.8930579778164214
 1.025405547728147
 2.091752497566806
 0.016778994879023682
 0.002791820056860462
 3.350759038927264
 0.018924442204865482
 0.007737482853221563]
[0.8470625196715342
 0.9324094156537073
 1.0078827845226657
 2.848473645383119
 0.347641355718846
 1.6936338969728113
 0.01678075710253289
 0.0004687000108605095
 1.874226939212483
 0.01892463405271022
 0.37668024199653555]
[0.8532117016579239
 1.806605335177961
 0.8204127822901811
 2.9142486127659906
 1.0253862733666208
 2.0755404943243874
 0.016778977292172023
 0.011659181270160326
 1.60891659517067
 0.01892444220486553
 0.8257004867243783]
[0.1027372845436388
 0.9317402598990157
 1.0078827845226657
 2.6543536655666764
 1.0254012394985175
 1.6925742503039078
 0.016779074010888975
 0.0029168477986457413
 0.9186244411163438
 0.018924442204868424
 0.6165158240080219]
[0.624045677280884
 0.5803186447359739
 0.007882784522665734
 1.2446430481330326
 0.026041921544298897
 0.8575756208060813
 0.016805671255906186
 0.0029187856923160744
 1.7490115962538704
 0.018924442204865482
 0.007733207547278971]
[0.1169686559559455
 0.9199985694171697
 1.0078827845226657
 2.698176146486081
 1.0208884087099694
 1.694373038559926
 0.016781215007358515
 0.054789221049809024
 1.9438813455770145
 0.018924442204868185
 0.16673344689591266]
[1.1695610114815402
 3.4138505088389284
 0.8050680967315272
 2.9065908616244456
 0.5735356246085619
 2.133065919976621
 0.7577079611323818
 1.0029218409017078
 1.4218226896651718
 0.018924442204865482
 0.007735221453669197]
[0.8262625852080117
 0.9325104778868984
 0.007882784522662148
 2.7549372137521577
 1.0049700306033056
 2.4224490776458576
 0.016782181211625564
 1.0029218407596785
 1.7854972462119045
 0.018924442204865482
 1.0077374828532235]
[0.01104866892492921
 1.483685989742606
 0.007882782826056964
 2.179827449862344
 0.2361436191007148
 1.7432262796129585
 0.01677908914664952
 0.0028872956994342586
 1.672598868692838
 0.018924442204865482
 0.13848970232501434]
